-9.999999999999999124e-05 3.659541248925954381e-06
-9.899497487437185607e-05 4.034478776633058197e-06
-9.798994974874370735e-05 4.367545587031806500e-06
-9.698492462311557219e-05 4.645727391184679641e-06
-9.597989949748742347e-05 4.857434026349268788e-06
-9.497487437185928830e-05 4.993052897463939658e-06
-9.396984924623115313e-05 5.045465534428078521e-06
-9.296482412060300441e-05 5.010506151345216436e-06
-9.195979899497486924e-05 4.887341906487233640e-06
-9.095477386934672052e-05 4.678756121602250973e-06
-8.994974874371858536e-05 4.391318010299052286e-06
-8.894472361809045019e-05 4.035425446517903600e-06
-8.793969849246230147e-05 3.625210909832883378e-06
-8.693467336683416630e-05 3.178304885432584342e-06
-8.592964824120601758e-05 2.715455562678051607e-06
-8.492462311557788242e-05 2.260008538219841277e-06
-8.391959798994974725e-05 1.837255243855871449e-06
-8.291457286432159853e-05 1.473663830834270542e-06
-8.190954773869346336e-05 1.196011090053844042e-06
-8.090452261306531464e-05 1.030438509119156941e-06
-7.989949748743717947e-05 1.001459603736973680e-06
-7.889447236180904431e-05 1.130949062644923406e-06
-7.788944723618089559e-05 1.437146876180310628e-06
-7.688442211055276042e-05 1.933712361357263314e-06
-7.587939698492461170e-05 2.628863756397997663e-06
-7.487437185929647653e-05 3.524638767020274808e-06
-7.386934673366834137e-05 4.616310066782742349e-06
-7.286432160804019265e-05 5.891987277272619238e-06
-7.185929648241204393e-05 7.332433406356262628e-06
-7.085427135678390876e-05 8.911119162372491164e-06
-6.984924623115577359e-05 1.059453307927782023e-05
-6.884422110552763843e-05 1.234275910275206858e-05
-6.783919597989948971e-05 1.411032634791345070e-05
-6.683417085427134099e-05 1.584732831705789978e-05
-6.582914572864320582e-05 1.750080115146412054e-05
-6.482412060301507065e-05 1.901634268966954450e-05
-6.381909547738693548e-05 2.033994642909860102e-05
-6.281407035175878676e-05 2.142001715441125829e-05
-6.180904522613063804e-05 2.220952821668151889e-05
-6.080402010050250288e-05 2.266827442496773584e-05
-5.979899497487436771e-05 2.276516943270089121e-05
-5.879396984924622577e-05 2.248053253096763795e-05
-5.778894472361808382e-05 2.180830703822477583e-05
-5.678391959798994188e-05 2.075815110959706436e-05
-5.577889447236179994e-05 1.935734185287339593e-05
-5.477386934673365799e-05 1.765243517013285888e-05
-5.376884422110552283e-05 1.571062674291951250e-05
-5.276381909547738088e-05 1.362076400575583955e-05
-5.175879396984923894e-05 1.149396473031950352e-05
-5.075376884422109700e-05 9.463804857411697893e-06
-4.974874371859295505e-05 7.686046319137104744e-06
-4.874371859296481988e-05 6.337884613055073133e-06
-4.773869346733667794e-05 5.616705621928763054e-06
-4.673366834170853600e-05 5.738351395760967578e-06
-4.572864321608039405e-05 6.934905091741847786e-06
-4.472361809045225211e-05 9.452015759426470479e-06
-4.371859296482411017e-05 1.354579391837929557e-05
-4.271356783919597500e-05 1.947931866411595621e-05
-4.170854271356783306e-05 2.751880612707109460e-05
-4.070351758793969111e-05 3.792949728717883828e-05
-3.969849246231154917e-05 5.097133022448867420e-05
-3.869346733668340723e-05 6.689446770204176846e-05
-3.768844221105527206e-05 8.593475539986008974e-05
-3.668341708542712334e-05 1.083091890509808392e-04
-3.567839195979898817e-05 1.342114701103972992e-04
-3.467336683417085300e-05 1.638077293907198319e-04
-3.366834170854270428e-05 1.972324963361353164e-04
-3.266331658291456912e-05 2.345849883263875562e-04
-3.165829145728642040e-05 2.759257896861666082e-04
-3.065326633165828523e-05 3.212739840345175653e-04
-2.964824120603015006e-05 3.706047963830243230e-04
-2.864321608040200134e-05 4.238477931428649530e-04
-2.763819095477386618e-05 4.808856791101864489e-04
-2.663316582914571746e-05 5.415537207606423153e-04
-2.562814070351758229e-05 6.056398149995858779e-04
-2.462311557788944712e-05 6.728852120895920021e-04
-2.361809045226129840e-05 7.429858910146707254e-04
-2.261306532663316324e-05 8.155945752370949344e-04
-2.160804020100501452e-05 8.903233668431954082e-04
-2.060301507537687935e-05 9.667469676288098588e-04
-1.959798994974874418e-05 1.044406446895312750e-03
-1.859296482412059546e-05 1.122813507744360728e-03
-1.758793969849246029e-05 1.201455196582613179e-03
-1.658291457286431157e-05 1.279798994461981906e-03
-1.557788944723617641e-05 1.357298223848024590e-03
-1.457286432160802769e-05 1.433397700467330723e-03
-1.356783919597989252e-05 1.507539557049903615e-03
-1.256281407035175735e-05 1.579169164050165004e-03
-1.155778894472360863e-05 1.647741071776648520e-03
-1.055276381909547347e-05 1.712724898746228802e-03
-9.547738693467324746e-06 1.773611092450541387e-03
-8.542713567839189579e-06 1.829916491015827614e-03
-7.537688442211054412e-06 1.881189617380782473e-03
-6.532663316582905692e-06 1.927015641532048643e-03
-5.527638190954770525e-06 1.967020950943430650e-03
-4.522613065326621805e-06 2.000877274580840567e-03
-3.517587939698486638e-06 2.028305311580028483e-03
-2.512562814070351471e-06 2.049077821899989316e-03
-1.507537688442202751e-06 2.063022142826719495e-03
-5.025125628140675836e-07 2.070022102078599401e-03
5.025125628140811361e-07 2.070019305379265911e-03
1.507537688442216303e-06 2.063013783652806968e-03
2.512562814070351471e-06 2.049063992399464962e-03
3.517587939698500190e-06 2.028286163269595998e-03
4.522613065326635358e-06 2.000853015312669455e-03
5.527638190954784077e-06 1.966991840779648993e-03
6.532663316582919245e-06 1.926981987643464761e-03
7.537688442211054412e-06 1.881151768112916331e-03
8.542713567839203131e-06 1.829874829287538160e-03
9.547738693467338299e-06 1.773566028667353288e-03
1.055276381909548702e-05 1.712676863421479494e-03
1.155778894472362219e-05 1.647690508058496798e-03
1.256281407035177091e-05 1.579116520351156027e-03
1.356783919597990607e-05 1.507485279968259328e-03
1.457286432160804124e-05 1.433342228175800079e-03
1.557788944723618996e-05 1.357241980107362590e-03
1.658291457286432513e-05 1.279742383392715524e-03
1.758793969849247385e-05 1.201398598301401917e-03
1.859296482412060901e-05 1.122757274941006212e-03
1.959798994974874418e-05 1.044350902394309329e-03
2.060301507537689290e-05 9.666924029463320155e-04
2.160804020100502807e-05 8.902700417177714619e-04
2.261306532663317679e-05 8.155427180809007772e-04
2.361809045226131195e-05 7.429357002035651743e-04
2.462311557788944712e-05 6.728368579845186168e-04
2.562814070351758229e-05 6.055934425707177856e-04
2.663316582914574456e-05 5.415094526692451008e-04
2.763819095477387973e-05 4.808436190921579136e-04
2.864321608040201490e-05 4.238080295325599559e-04
2.964824120603015006e-05 3.705674056164736004e-04
3.065326633165828523e-05 3.212390339772947922e-04
3.165829145728644750e-05 2.758933426427869016e-04
3.266331658291458267e-05 2.345551036046955216e-04
3.366834170854271784e-05 1.972052322610249675e-04
3.467336683417085300e-05 1.637831446860144448e-04
3.567839195979898817e-05 1.341896245947932025e-04
3.668341708542715044e-05 1.082901436227554071e-04
3.768844221105528561e-05 8.591857131446103079e-05
3.869346733668342078e-05 6.688120517568049434e-05
3.969849246231155595e-05 5.096104642446645967e-05
4.070351758793969111e-05 3.792224379484714422e-05
4.170854271356785339e-05 2.751462598125707881e-05
4.271356783919598855e-05 1.947824311073097759e-05
4.371859296482412372e-05 1.354783900517266856e-05
4.472361809045225889e-05 9.457178923012471444e-06
4.572864321608039405e-05 6.943161886827386748e-06
4.673366834170855633e-05 5.749652513873541891e-06
4.773869346733669149e-05 5.630974338987742739e-06
4.874371859296482666e-05 6.355014792141121207e-06
4.974874371859296183e-05 7.705901077261417004e-06
5.075376884422109700e-05 9.486215983586288226e-06
5.175879396984925927e-05 1.151873291753845314e-05
5.276381909547739443e-05 1.364765993247508948e-05
5.376884422110552960e-05 1.573939301120066695e-05
5.477386934673366477e-05 1.768278907877659782e-05
5.577889447236179994e-05 1.938897895559388380e-05
5.678391959798996221e-05 2.079074948154302952e-05
5.778894472361809738e-05 2.184153214983782957e-05
5.879396984924623254e-05 2.251404260710143898e-05
5.979899497487436771e-05 2.279862115780298989e-05
6.080402010050250288e-05 2.270132884251207720e-05
6.180904522613066515e-05 2.224185666333946079e-05
6.281407035175880032e-05 2.145130706689654958e-05
6.381909547738693548e-05 2.036990686427921161e-05
6.482412060301507065e-05 1.904470940629328726e-05
6.582914572864323292e-05 1.752734111440703888e-05
6.683417085427136809e-05 1.587184350193574647e-05
6.783919597989950326e-05 1.413265674460670516e-05
6.884422110552763843e-05 1.236278484018309940e-05
6.984924623115577359e-05 1.061217561984051120e-05
7.085427135678393586e-05 8.926341541882492508e-06
7.185929648241207103e-05 7.345239523359110528e-06
7.286432160804020620e-05 5.902420263107874665e-06
7.386934673366834137e-05 4.624449794067019081e-06
7.487437185929647653e-05 3.530598578352062733e-06
7.587939698492463881e-05 2.632786516351917011e-06
7.688442211055277397e-05 1.935765952583559864e-06
7.788944723618090914e-05 1.437519274139285712e-06
7.889447236180904431e-05 1.129843132813283280e-06
7.989949748743717947e-05 9.990877697986280733e-07
8.090452261306534175e-05 1.027017440634757198e-06
8.190954773869347691e-05 1.191756553481495047e-06
8.291457286432161208e-05 1.468785838792238282e-06
8.391959798994974725e-05 1.831953624559914937e-06
8.492462311557788242e-05 2.254469030601104838e-06
8.592964824120604469e-05 2.709846523404313994e-06
8.693467336683417986e-05 3.172774672613389028e-06
8.793969849246231502e-05 3.619885985337664752e-06
8.894472361809045019e-05 4.030409215359699802e-06
8.994974874371858536e-05 4.386690392220490882e-06
9.095477386934674763e-05 4.674573827605471143e-06
9.195979899497488280e-05 4.883639372289638912e-06
9.296482412060301796e-05 5.007297061256089120e-06
9.396984924623115313e-05 5.042744853474391798e-06
9.497487437185928830e-05 4.990799317185313544e-06
9.597989949748745057e-05 4.855612720843704235e-06
9.698492462311558574e-05 4.644292974906021884e-06
9.798994974874372091e-05 4.366445164565703832e-06
9.899497487437185607e-05 4.033654977130495239e-06
9.999999999999999124e-05 3.658935143845213868e-06
